0     0.000
1     0.841
2     0.909
3     0.141
4    -0.757
5    -0.959
6    -0.279
7     0.657
8     0.989
9     0.412
10    -0.544
11    -1.000
12    -0.537
13     0.420
14     0.991
15     0.650
16    -0.288
17    -0.961
18    -0.751
19     0.150
20     0.913
21     0.837
22    -0.009
23    -0.846
24    -0.906
25    -0.132
26     0.763
27     0.956
28     0.271
29    -0.664
30    -0.988
31    -0.404
32     0.551
33     1.000
34     0.529
35    -0.428
36    -0.992
37    -0.644
38     0.296
39     0.964
40     0.745
41    -0.159
42    -0.917
43    -0.832
44     0.018
45     0.851
46     0.902
47     0.124
48    -0.768
49    -0.954
50    -0.262
51     0.670
52     0.987
53     0.396
54    -0.559
55    -1.000
56    -0.522
57     0.436
58     0.993
59     0.637
60    -0.305
61    -0.966
62    -0.739
63     0.167
64     0.920
65     0.827
66    -0.027
67    -0.856
68    -0.898
69    -0.115
70     0.774
71     0.951
72     0.254
73    -0.677
74    -0.985
75    -0.388
76     0.566
77     1.000
78     0.514
79    -0.444
80    -0.994
81    -0.630
82     0.313
83     0.968
84     0.733
85    -0.176
86    -0.923
87    -0.822
88     0.035
89     0.860
90     0.894
91     0.106
92    -0.779
93    -0.948
94    -0.245
95     0.683
96     0.984
97     0.380
98    -0.573
99    -0.999
100    -0.506
101     0.452
102     0.995
103     0.623
104    -0.322
105    -0.971
106    -0.727
107     0.185
108     0.927
109     0.817
110    -0.044
111    -0.865
112    -0.890
113    -0.097
114     0.785
115     0.945
116     0.237
117    -0.690
118    -0.982
119    -0.371
120     0.581
121     0.999
122     0.499
123    -0.460
124    -0.996
125    -0.616
126     0.330
127     0.973
128     0.721
129    -0.193
130    -0.930
131    -0.812
132     0.053
133     0.869
134     0.886
135     0.088
136    -0.790
137    -0.943
138    -0.228
139     0.696
140     0.980
141     0.363
142    -0.588
143    -0.998
144    -0.491
145     0.468
146     0.996
147     0.609
148    -0.338
149    -0.975
150    -0.715
151     0.202
152     0.933
153     0.806
154    -0.062
155    -0.873
156    -0.882
157    -0.080
158     0.796
159     0.940
160     0.219
161    -0.702
162    -0.978
163    -0.355
164     0.595
165     0.998
166     0.483
167    -0.476
168    -0.997
169    -0.602
170     0.347
171     0.977
172     0.709
173    -0.211
174    -0.936
175    -0.801
176     0.071
177     0.878
178     0.878
179     0.071
180    -0.801
181    -0.936
182    -0.211
183     0.709
184     0.977
185     0.347
186    -0.602
187    -0.997
188    -0.476
189     0.483
190     0.998
191     0.595
192    -0.355
193    -0.978
194    -0.702
195     0.219
196     0.940
197     0.796
198    -0.080
199    -0.882
